[[ 1.  1.  1.  6.]
 [ 2.  3.  7. 20.]
 [ 3.  4. 10. 28.]]

[[ 1.   1.   1.   6. ]
 [ 0.   0.5  2.5  4. ]
 [ 3.   4.  10.  28. ]]

[[1.         1.         1.         6.        ]
 [0.         0.5        2.5        4.        ]
 [0.         0.33333333 2.33333333 3.33333333]]

[[1.  1.  1.  6. ]
 [0.  0.5 2.5 4. ]
 [0.  0.  1.  1. ]]

[[1.  1.  1.  6. ]
 [0.  0.2 0.  0.6]
 [0.  0.  1.  1. ]]

[[1.  1.  0.  5. ]
 [0.  0.2 0.  0.6]
 [0.  0.  1.  1. ]]

[[1. 0. 0. 2.]
 [0. 1. 0. 3.]
 [0. 0. 1. 1.]]

[[1. 0. 0. 2.]
 [0. 1. 0. 3.]
 [0. 0. 1. 1.]]

[2.00]
[3.00]
[1.00]
